5,2,69
5,2,42
5,2,80
5,2,4
5,2,10
5,2,45
5,2,32
5,2,22
5,2,2
5,2,25
5,2,99
5,2,24
5,2,18
5,2,26
5,2,25
5,2,14
5,2,10
5,2,27
5,2,17
5,2,50
5,2,17
5,2,90
5,2,166
5,2,18
5,2,55
5,2,21
5,2,64
5,2,48
5,2,65
5,2,51
5,2,30
5,2,53
5,2,31
5,2,28
5,2,25
5,2,44
5,2,50
5,2,36
5,2,74
5,2,52
5,2,20
5,2,34
5,2,8
5,2,127
5,2,109
5,2,70
5,2,58
5,2,16
5,2,42
5,2,34
5,2,6
5,2,6
5,2,27
5,2,46
5,2,16
5,2,26
5,2,17
5,2,40
5,2,55
5,2,16
5,2,31
5,2,61
5,2,10
5,2,65
5,2,38
5,2,49
5,2,14
5,2,119
5,2,74
5,2,8
5,2,71
5,2,98
5,2,25
5,2,5
5,2,84
5,2,42
5,2,23
5,2,61
5,2,69
5,2,124
5,2,55
5,2,64
5,2,28
5,2,92
5,2,111
5,2,71
5,2,51
5,2,35
5,2,32
5,2,86
5,2,89
5,2,1
5,2,71
5,2,40
5,2,98
5,2,42
5,2,46
5,2,11
5,2,5
5,2,36
5,3,60
5,3,116
5,3,492
5,3,144
5,3,358
5,3,1441
5,3,194
5,3,388
5,3,313
5,3,591
5,3,187
5,3,770
5,3,75
5,3,582
5,3,219
5,3,379
5,3,340
5,3,926
5,3,635
5,3,138
5,3,322
5,3,318
5,3,145
5,3,180
5,3,24
5,3,407
5,3,126
5,3,12
5,3,353
5,3,249
5,3,67
5,3,343
5,3,697
5,3,186
5,3,915
5,3,952
5,3,33
5,3,78
5,3,416
5,3,995
5,3,1126
5,3,68
5,3,755
5,3,59
5,3,26
5,3,1
5,3,1
5,3,123
5,3,150
5,3,75
5,3,524
5,3,138
5,3,287
5,3,573
5,3,203
5,3,1514
5,3,793
5,3,460
5,3,85
5,3,712
5,3,106
5,3,54
5,3,199
5,3,66
5,3,392
5,3,39
5,3,723
5,3,49
5,3,293
5,3,512
5,3,104
5,3,90
5,3,432
5,3,614
5,3,1675
5,3,668
5,3,497
5,3,116
5,3,37
5,3,423
5,3,270
5,3,102
5,3,552
5,3,880
5,3,28
5,3,111
5,3,239
5,3,127
5,3,153
5,3,14
5,3,66
5,3,372
5,3,420
5,3,239
5,3,28
5,4,128
5,3,516
5,3,336
5,4,367
5,3,1204
5,4,392
5,4,682
5,4,1672
5,4,2138
5,3,330
5,4,235
5,4,1787
5,4,426
5,4,810
5,3,2265
5,4,143
5,4,196
5,4,82
5,4,379
5,4,130
5,4,646
5,4,1716
5,4,1850
5,4,644
5,4,830
5,4,501
5,4,1926
5,4,453
5,4,1130
5,4,711
5,4,1148
5,4,165
5,4,405
5,4,297
5,4,1919
5,4,993
5,4,368
5,4,677
5,4,470
5,4,3842
5,4,1139
5,4,2040
5,4,1650
5,4,152
5,4,1002
5,4,1683
5,4,247
5,4,880
5,4,2864
5,4,4819
5,4,1534
5,4,498
5,4,5584
5,4,2136
5,4,685
5,4,1444
5,4,105
5,4,641
5,4,266
5,4,3620
5,4,334
5,4,412
5,4,1111
5,4,1309
5,4,1821
5,4,1436
5,4,7032
5,4,145
5,4,1368
5,4,2156
5,4,3612
5,4,634
5,4,630
5,4,3029
5,4,1301
5,4,1344
5,4,1258
5,4,438
5,4,1236
5,4,2429
5,4,1793
5,4,1850
5,4,190
5,4,1261
5,4,4213
5,5,52
5,4,1670
5,4,1016
5,4,3064
5,4,1311
5,4,2898
5,5,175
5,4,5388
5,4,2073
5,4,2953
5,4,4196
5,4,4256
5,4,2554
5,4,1546
5,4,2447
5,5,627
5,5,899
5,5,997
5,5,1088
5,4,3443
5,5,1821
5,4,7670
5,4,2897
5,5,74
5,5,813
5,5,737
5,5,328
5,5,45
5,5,4337
5,5,2237
5,5,1516
5,5,508
5,5,2087
5,4,5651
5,4,3801
5,5,1190
5,4,3788
5,5,2809
5,5,2384
5,5,142
5,5,3296
5,4,4492
5,5,1611
5,5,655
5,5,3
5,5,527
5,5,874
5,5,3964
5,5,3345
5,5,2372
5,5,1319
5,5,3227
5,5,2923
5,5,372
5,5,3097
5,5,2643
5,5,1741
5,5,4985
5,5,737
5,5,2856
5,5,4821
5,5,4277
5,5,5490
5,5,7588
5,5,6294
5,5,1931
5,5,7066
5,5,686
5,5,620
5,5,3225
5,5,8961
5,5,484
5,5,7262
6,2,9
5,5,456
6,2,12
5,5,537
6,2,1
6,2,180
6,2,57
5,5,2419
6,2,144
6,2,39
6,2,122
6,2,10
6,2,35
6,2,12
5,5,2206
6,2,48
6,2,65
5,5,1442
6,2,38
6,2,7
6,2,2
5,5,1404
6,2,31
6,2,58
5,5,897
6,2,56
6,2,202
6,2,121
5,5,2093
6,2,206
5,5,8816
6,2,18
6,2,22
5,5,2778
6,2,165
5,5,6843
6,2,108
5,5,7730
6,2,52
5,5,4532
6,2,4
6,2,33
5,5,7004
5,5,3265
6,2,81
6,2,109
6,2,54
6,2,103
6,2,89
5,5,10403
5,5,5245
6,2,11
6,2,170
6,2,241
6,2,1
5,5,9899
6,2,128
6,2,232
5,5,6366
6,2,30
6,2,168
6,2,107
6,2,229
6,2,91
6,2,39
6,2,61
6,2,179
6,2,179
6,2,3
6,2,11
5,5,4938
6,2,83
6,2,211
5,5,4593
6,2,20
5,5,3312
5,5,4105
6,2,108
6,2,24
6,2,17
6,2,40
6,2,160
6,2,243
6,2,56
6,2,133
6,2,11
5,5,5852
6,2,23
6,2,165
6,2,17
6,2,27
6,2,90
5,5,6095
5,5,12906
6,2,63
6,2,21
6,2,17
5,5,13852
6,2,10
6,2,23
6,2,42
6,2,25
5,5,5368
6,2,35
6,2,17
6,2,87
5,5,7064
6,2,12
6,2,22
6,2,65
6,2,150
6,2,67
6,2,55
6,2,171
5,5,5900
6,2,140
6,2,115
6,2,126
6,2,28
6,2,91
6,2,263
6,2,52
5,5,6766
5,5,6325
6,2,207
6,2,71
5,5,11156
6,2,156
6,2,115
6,2,40
6,2,17
5,5,8603
6,2,118
6,2,151
6,3,461
5,5,13106
6,3,106
6,3,327
6,3,195
6,3,39
6,3,162
6,3,331
6,3,494
6,3,710
6,3,100
6,3,433
6,3,591
6,3,1009
6,3,639
6,3,1072
6,3,349
6,3,1238
6,3,436
6,3,1496
6,3,20
5,5,9679
5,5,18940
6,3,233
6,3,95
6,3,2555
6,3,50
6,3,1271
6,3,853
6,3,315
6,3,73
6,3,1283
6,3,1477
6,3,1433
6,3,181
5,5,14544
5,5,13863
6,3,213
6,3,1778
6,3,921
6,3,1817
6,3,1085
6,3,111
6,3,698
6,3,45
6,3,935
6,3,361
6,3,16
6,3,10
6,3,1123
6,3,635
6,3,80
6,3,335
6,3,1630
6,3,349
6,3,350
6,3,1050
6,3,836
6,3,709
6,3,2473
6,3,1441
6,3,1676
6,3,3108
5,5,10715
6,3,24
6,3,1701
6,3,1126
6,3,539
6,3,3150
6,3,717
6,3,1953
6,3,1178
6,3,49
6,3,861
6,3,309
6,3,18
6,3,1953
6,3,1808
6,3,790
6,3,543
6,3,402
6,3,535
6,3,1109
6,3,493
5,5,13892
6,3,2039
6,3,2124
6,3,2363
6,3,906
6,3,706
6,3,524
6,3,3171
6,3,1208
6,3,564
5,5,17882
6,3,2382
5,5,22423
6,3,3099
6,3,718
6,3,1554
6,3,3077
6,3,2371
6,4,657
6,4,1444
6,3,1168
6,3,1810
6,3,1897
6,4,396
6,4,272
6,3,2661
6,3,2188
6,4,2171
5,5,15923
6,3,1787
6,4,500
6,4,1386
6,4,1342
6,4,840
6,4,217
6,4,1199
5,5,18779
6,4,1053
5,5,20318
6,4,2564
6,3,3640
6,4,1427
6,4,1390
6,4,1350
6,4,1398
6,4,1744
6,4,897
6,4,2539
6,4,4602
6,4,375
6,4,4356
6,4,3166
6,4,2722
6,4,1817
6,4,1951
6,4,3245
6,4,753
6,4,8331
6,4,4374
6,4,1310
6,4,6132
6,4,564
6,4,9236
6,4,5085
6,4,5801
6,4,4948
6,4,579
6,4,5417
6,4,5026
6,4,2965
6,4,1181
6,4,1159
6,4,5572
6,4,1802
6,4,960
6,4,86
6,4,5877
6,4,495
6,4,5244
6,4,2865
6,4,7292
6,4,8531
6,4,2743
6,4,2368
6,4,4905
6,4,4493
6,4,595
6,4,702
6,4,5465
6,4,1105
6,4,4063
6,4,9901
6,4,9622
6,5,818
6,4,2798
6,4,3285
6,4,8780
6,4,5750
6,4,7586
6,4,4620
6,4,6826
6,4,5827
6,5,2076
6,4,3717
6,5,1881
6,4,5707
6,4,8322
6,5,3280
6,4,6713
5,5,36079
6,4,12758
6,4,3656
6,4,6414
6,5,3400
6,4,9574
6,4,7732
6,4,6042
6,5,2884
6,4,13860
6,4,8778
6,4,9723
6,5,3647
6,4,10161
6,4,8526
6,5,200
6,5,4110
6,4,8075
6,5,1047
6,5,2033
6,4,15665
6,5,8287
6,5,3918
6,5,3728
6,5,4730
6,5,871
6,5,2158
6,4,12585
6,4,10725
6,5,4333
6,4,10263
6,5,9044
6,5,2938
6,4,15136
6,4,12366
6,5,6873
6,5,10670
6,4,18105
6,4,13396
6,5,2618
6,5,10068
6,5,6308
6,5,7591
6,5,11790
6,5,11886
6,5,1711
6,5,15046
6,5,4236
6,5,11292
6,4,23027
6,5,12361
6,5,1842
6,5,5740
7,2,78
7,2,349
7,2,238
6,5,18418
7,2,349
7,2,391
7,2,276
6,5,19039
7,2,244
7,2,12
7,2,93
7,2,68
7,2,2
7,2,37
7,2,22
7,2,353
7,2,101
7,2,525
7,2,343
7,2,166
7,2,109
7,2,10
7,2,652
7,2,45
7,2,741
6,5,8070
7,2,53
7,2,126
7,2,4
6,5,11704
7,2,362
7,2,460
7,2,7
7,2,215
7,2,10
7,2,168
7,2,266
7,2,47
7,2,24
7,2,29
7,2,322
6,5,10872
7,2,27
7,2,433
7,2,194
7,2,143
7,2,271
7,2,106
7,2,175
7,2,86
7,2,103
6,5,9213
7,2,476
7,2,414
7,2,219
7,2,449
7,2,88
7,2,213
7,2,31
7,2,335
6,5,17307
6,5,325
7,2,498
7,2,513
7,2,18
7,2,14
7,2,652
6,4,27452
7,2,182
7,2,351
7,2,251
7,2,320
7,2,175
7,2,45
6,5,8554
6,5,8506
7,2,404
7,2,48
7,2,71
7,2,88
7,2,210
7,2,204
7,2,181
6,5,21204
7,2,59
7,2,872
7,2,349
7,2,97
7,2,83
7,2,282
7,2,1
6,5,7038
7,2,444
7,2,148
7,2,564
7,2,50
7,2,25
7,2,49
7,2,90
7,2,32
7,2,36
7,2,32
7,2,127
7,2,422
7,2,318
7,2,67
7,2,207
7,2,2
6,5,16946
7,2,230
6,5,23058
6,5,23666
7,3,223
7,3,428
6,5,9108
7,3,1396
7,3,791
7,3,680
6,5,10529
7,3,2004
7,2,20
7,3,2396
7,3,534
7,3,541
6,5,24043
6,5,19793
6,5,16497
6,5,11962
7,3,1406
7,3,1164
6,5,23634
7,3,3245
7,3,773
7,3,1651
7,3,2204
6,5,16095
7,3,2515
7,3,1206
7,3,3174
7,3,2846
7,3,2537
7,3,625
7,3,922
6,5,16420
7,3,3623
7,3,2141
6,5,30308
6,5,30866
7,3,326
7,3,2531
7,3,766
7,3,3701
7,3,5211
7,3,423
7,3,1328
6,5,29485
7,3,1524
7,3,2967
7,3,910
7,3,1906
7,3,278
7,3,5697
7,3,1378
6,5,15667
7,3,5123
7,3,1801
7,3,1588
6,5,22448
7,3,1735
7,3,3771
7,3,2555
7,3,3744
7,3,7882
7,2,320
7,3,3065
7,3,3588
7,3,1648
7,3,1906
7,3,136
7,3,3853
7,3,1433
7,3,6344
6,5,22761
7,2,41
7,3,738
7,3,345
7,3,3178
7,3,3690
6,5,23603
7,3,1341
7,3,2554
6,5,23284
7,3,2299
7,3,5072
7,3,5712
7,3,3350
6,5,30392
6,5,33606
7,3,2349
7,4,1302
7,3,1695
7,3,2410
7,3,4383
7,3,3167
7,3,5613
7,3,8946
7,3,3421
7,4,1764
7,4,2780
7,3,4222
6,4,4528
7,3,6157
7,4,2162
7,3,4968
7,3,673
7,4,4828
7,3,6588
7,3,13
7,4,3896
6,5,32610
7,3,7666
7,4,943
6,5,37286
7,4,1955
6,5,22601
7,4,6731
7,3,9514
6,5,37789
6,5,31557
7,3,3763
7,4,9018
7,4,4424
7,4,5251
7,4,7261
7,4,9037
6,5,46343
7,3,11889
7,4,985
7,4,23472
7,4,11543
7,4,18027
7,4,6685
7,4,7712
6,5,8877
7,3,8150
6,5,32774
7,3,3638
7,4,21301
7,3,15612
6,5,51870
7,2,382
6,5,51473
7,3,572
7,4,5667
7,4,18695
7,4,18659
7,3,1918
7,4,11423
7,4,1138
7,4,17002
7,4,4275
7,4,28143
7,4,10118
7,4,9952
7,4,7854
7,4,20134
7,4,7768
6,5,70210
7,3,5047
7,4,11559
6,5,50283
6,5,66480
7,4,18062
7,4,15228
7,4,28766
7,4,29759
7,4,10912
7,4,12297
7,4,11493
7,4,29137
7,4,11937
7,4,12167
7,4,30463
7,4,13546
7,4,11429
7,4,2914
6,5,68648
7,4,35911
7,4,13426
7,4,28862
7,5,4379
7,4,15664
6,5,56316
7,3,3832
7,4,38904
7,4,33291
7,4,35147
7,5,9692
7,4,30860
6,5,74888
6,5,46965
7,4,22072
7,3,13
7,3,8507
7,3,3391
6,5,36312
7,4,10442
7,3,767
7,3,3194
7,4,16388
7,5,20932
7,4,38254
7,3,6032
7,3,7313
7,4,19567
7,5,31093
7,5,6760
7,4,35157
7,5,13561
6,5,54814
7,4,54384
6,5,59392
6,5,61544
7,4,2971
7,4,13142
7,4,17474
6,5,38749
7,3,780
7,4,18392
7,4,31789
7,5,30168
6,5,52674
7,4,18181
6,5,53537
6,5,6362
7,4,16241
7,4,25903
7,4,40626
7,5,27157
7,5,26296
7,5,2722
7,5,36638
7,5,17063
7,5,21798
7,4,10690
6,5,6167
8,2,98
7,3,295
8,2,160
8,2,0
8,2,269
8,2,310
8,2,53
7,4,36076
8,2,304
7,4,12572
8,2,387
8,2,47
7,4,46566
8,2,0
8,2,202
8,2,557
8,2,355
7,3,19938
8,2,489
8,2,1031
8,2,142
8,2,174
8,2,57
8,2,51
8,2,175
8,2,70
8,2,433
8,2,1653
8,2,107
8,2,134
8,2,123
8,2,6
8,2,194
8,2,860
8,2,70
8,2,1361
8,2,427
8,2,335
8,2,824
8,2,33
8,2,884
8,2,1014
8,2,360
8,2,343
8,2,152
8,2,16
8,2,324
8,2,588
7,4,26049
8,2,620
8,2,115
8,2,348
8,2,468
8,2,27
8,2,68
8,2,504
8,2,427
8,2,308
8,2,563
8,2,205
8,2,64
8,2,133
8,2,137
8,2,1013
8,2,307
7,5,26323
8,2,0
8,2,209
8,2,1064
8,2,99
7,5,14352
8,2,774
8,2,1405
8,2,0
8,2,176
8,2,69
8,2,334
8,2,76
8,2,39
8,2,21
8,2,72
8,2,1506
8,2,1502
8,2,1179
8,2,274
8,2,82
8,2,636
8,2,149
8,2,238
8,2,104
8,2,1016
8,2,200
8,2,529
6,5,21602
8,2,8
8,2,379
7,3,21217
8,2,2138
8,2,163
8,2,91
8,2,950
8,2,440
8,2,400
8,2,375
8,2,1590
8,2,477
7,5,25184
8,3,565
7,5,10054
8,3,1050
7,4,33167
7,5,10123
8,3,1695
6,5,110681
8,3,2280
8,3,2471
8,2,327
8,3,2073
8,2,85
6,5,42474
8,3,894
8,3,3687
8,3,3291
7,4,26666
8,3,4093
8,3,6334
8,3,6506
8,3,1053
8,3,3199
7,5,24864
8,3,94
8,3,4673
7,4,86638
7,5,28776
7,4,38663
8,3,2427
8,3,6341
8,3,8
7,4,33003
7,5,11589
8,3,3119
8,3,8116
7,5,24073
8,3,941
8,3,11187
7,5,50538
8,3,4648
8,3,274
7,5,60307
8,3,37
8,3,5739
8,3,38
8,3,826
7,4,9033
8,2,155
6,5,44270
8,3,10696
8,3,491
7,4,38124
8,3,4779
8,3,1115
8,3,7896
8,3,1310
8,3,1231
8,3,682
8,3,105
7,4,53385
8,3,281
8,3,1100
8,3,11124
7,5,72580
7,5,39571
7,4,21670
8,3,7381
7,5,17235
8,3,3817
8,3,5020
8,3,7542
8,3,3018
8,3,14494
8,3,127
8,3,2977
7,5,65224
7,4,37381
8,3,9936
7,4,36355
8,3,10727
7,5,26029
8,3,23042
7,5,24897
8,3,5024
8,3,4761
8,3,3091
8,3,3434
8,3,2124
8,3,5989
8,3,7711
6,5,24654
8,3,1686
8,3,2502
8,3,10294
8,3,13340
8,3,10394
8,3,6194
8,3,3314
8,3,6127
7,4,44200
7,5,47068
8,3,27860
8,3,4304
8,3,4685
7,5,64553
7,4,55529
7,5,49836
8,3,4934
8,4,1529
8,3,2662
8,4,2956
8,3,12996
8,3,24914
8,3,11530
8,3,14165
7,4,40411
8,3,22492
8,3,12041
8,3,10557
8,3,12706
8,3,9966
7,5,35842
8,4,4425
7,4,40266
7,5,67061
8,4,17861
8,4,9005
8,3,18043
8,3,14062
8,3,35352
8,4,18858
8,3,35961
8,3,3490
8,2,184
8,3,17611
7,5,57110
8,3,35564
8,3,26958
8,4,32505
8,3,20788
8,3,20200
8,3,6933
8,4,15054
8,3,19965
7,5,62736
8,3,7418
7,5,75852
8,4,2574
7,5,44264
8,4,24346
8,4,11700
8,4,9033
7,5,126101
8,3,22791
7,5,42467
7,5,62768
8,4,9915
8,4,16616
7,4,55530
8,4,17383
7,5,55077
8,4,6705
7,4,60570
8,3,44705
7,4,50847
8,4,51681
7,5,50176
7,5,58073
7,5,75874
8,3,43050
8,4,22793
8,4,53985
8,3,20376
8,4,48171
8,4,148331
7,5,123196
7,4,66431
8,4,24159
8,4,30575
8,4,40585
8,4,8794
8,4,98630
7,5,78247
8,4,68859
8,4,46273
8,4,49926
8,4,31847
8,4,17588
8,4,8750
7,5,77801
7,4,109389
7,4,104542
8,4,36753
8,4,12910
7,5,64500
8,3,52612
7,5,85868
8,4,46345
8,4,53873
8,4,50007
7,5,68051
8,3,48341
7,5,43181
7,5,86602
8,4,34294
7,4,75572
8,4,48068
8,4,43439
8,4,52584
8,4,24591
7,5,108090
8,4,128457
7,5,110082
8,4,113684
8,4,36136
7,5,96678
8,5,25391
7,5,92072
8,5,22007
7,5,212418
8,5,26900
8,4,36462
7,5,130265
8,4,91998
8,4,72194
8,4,92118
8,4,100245
8,5,6457
8,4,35916
7,5,58126
8,4,32354
8,4,88528
7,5,208569
7,5,127265
7,5,72519
8,4,65498
8,4,83698
7,5,243323
7,5,99073
7,5,104777
7,5,112035
8,5,41797
8,4,64924
7,5,129765
8,4,41222
8,5,45851
8,4,40140
8,4,133310
7,5,175808
7,5,130746
8,4,125840
8,4,62864
8,4,66046
7,5,159187
7,5,210580
8,4,54188
8,4,125198
8,4,88054
7,5,146290
8,5,67607
8,4,59438
8,5,1646
8,4,124429
8,4,215099
8,4,196800
8,5,13380
8,4,84170
7,5,156131
8,4,68249
8,4,70822
8,4,109261
8,5,85033
8,4,110258
8,4,92503
8,5,88193
8,5,32108
8,4,170987
7,5,251760
8,4,235638
7,5,202332
7,5,145846
7,5,319334
8,5,54158
8,4,69796
7,5,159796
8,5,9817
8,4,82965
7,5,172509
8,5,57911
8,5,136275
7,5,123208
8,4,137309
9,2,211
9,2,1055
9,2,1119
9,2,241
7,5,186556
8,4,124105
8,5,163025
7,5,197444
7,5,188432
8,4,138265
7,5,151276
7,5,249657
8,4,100314
9,2,499
8,4,130312
9,2,257
7,5,204082
9,2,9
9,2,508
9,2,893
9,2,686
8,5,47671
8,4,239904
9,2,973
9,2,53
9,2,70
9,2,674
9,2,1081
9,2,106
9,2,721
9,2,1070
9,2,279
9,2,224
9,2,86
9,2,429
9,2,386
9,2,262
9,2,1712
9,2,144
9,2,126
9,2,1331
9,2,423
9,2,205
9,2,1466
9,2,78
9,2,281
9,2,4521
9,2,746
9,2,70
9,2,953
9,2,140
9,2,10
9,2,1254
9,2,110
9,2,989
9,2,1101
9,2,4
9,2,499
9,2,340
9,2,613
9,2,1081
9,2,338
9,2,74
9,2,785
9,2,1584
9,2,109
9,2,910
9,2,849
9,2,1009
9,2,421
9,2,1125
9,2,1590
9,2,620
9,2,429
8,5,123334
9,2,159
9,2,1437
9,2,1084
9,2,10
9,2,1795
9,2,1267
9,2,1120
9,2,731
9,2,542
9,2,946
9,2,990
9,2,596
9,2,987
9,2,518
9,2,919
9,2,605
9,2,337
9,2,1328
9,2,80
7,5,228865
9,2,983
9,2,224
9,2,1729
9,2,3365
9,2,1791
9,2,821
9,2,1266
9,2,669
9,2,773
9,2,1014
9,2,829
9,2,590
9,2,692
9,2,771
9,2,2083
9,2,927
9,2,900
8,4,173736
8,5,206553
7,5,225504
8,5,149607
9,3,2361
8,4,150285
9,3,8156
9,3,8372
8,5,145749
9,3,9566
9,3,6201
9,3,10438
9,3,10476
9,3,11559
9,3,13875
9,3,5699
9,3,11895
9,3,8236
9,3,9
9,3,8261
8,5,59306
7,5,208216
9,2,168
9,2,395
9,3,17931
8,4,243450
9,3,2825
9,3,3107
9,3,698
9,3,14379
9,3,6253
9,2,2067
8,5,87347
8,4,162480
7,5,389240
9,3,27111
9,3,33879
9,3,11683
8,5,125678
9,3,4573
9,3,6284
9,3,38948
9,3,32151
9,3,2955
8,5,185433
9,3,9249
9,3,11069
9,3,16472
9,3,12741
8,4,355860
9,3,11142
9,3,5409
7,5,249811
9,3,23251
9,3,5910
9,3,38786
9,3,27456
9,3,19131
9,3,2233
8,5,120584
9,3,4069
8,5,37850
9,3,9625
9,3,886
9,3,18297
9,3,38632
9,3,10216
9,3,1283
9,3,55282
9,3,7398
9,3,6805
8,5,206453
9,3,22833
9,3,21903
9,3,32640
9,3,15418
9,3,55589
9,3,44886
8,5,154879
9,3,24532
9,3,41141
9,3,26319
9,3,41685
9,3,45929
9,3,29037
9,3,26888
9,3,6079
9,3,59362
9,3,60451
9,3,7242
9,3,46403
7,5,239347
9,3,15305
9,3,46216
9,3,8469
8,5,180901
9,3,14163
7,5,249490
9,3,38241
8,5,134644
9,3,26234
8,4,200883
9,3,50068
9,3,28453
9,3,21528
8,5,313270
9,3,28105
9,3,47721
8,5,337740
9,3,33874
9,3,92996
8,4,193088
9,3,73712
9,3,50441
9,3,40704
8,5,359369
9,3,92206
9,3,58609
9,3,87218
9,3,15480
9,3,94056
9,4,18905
9,4,45892
8,4,239409
9,3,51430
8,4,309619
9,4,4315
9,3,59828
9,3,91368
8,4,300861
9,3,60634
9,3,82151
9,3,71120
9,4,58920
9,4,52722
9,3,38374
9,3,68303
9,3,117165
9,4,26228
8,5,280990
9,3,140000
9,4,81993
8,5,313495
8,4,335935
8,4,426142
9,4,101609
9,4,47692
9,4,95698
8,4,247975
8,5,353028
7,5,346132
8,5,336455
9,4,17561
8,5,288607
9,4,115307
8,5,352871
8,5,282660
8,5,429442
9,4,49049
9,4,100893
8,5,295500
9,4,41025
9,4,111829
8,5,411650
7,5,515678
7,5,434321
8,5,308668
9,4,120866
9,4,39973
8,4,415019
9,4,132551
9,4,165293
7,5,571879
9,4,162967
8,5,384691
8,5,454960
8,5,524205
8,5,373084
8,5,493437
9,4,166348
9,3,293539
8,5,524049
9,4,154237
9,4,148742
9,4,223844
9,4,210638
9,4,184826
8,4,346653
9,4,162222
9,4,140904
8,5,529686
9,4,163522
9,4,217237
9,4,111228
9,4,31085
9,4,210287
9,4,144111
9,4,117022
9,4,41550
9,4,243478
8,5,459005
9,4,102344
8,5,373795
9,4,241030
8,5,364952
8,5,407643
8,5,430404
9,4,44539
8,5,578421
9,4,155434
7,5,705839
9,4,134684
9,4,164654
8,5,554900
9,4,217414
8,5,402045
8,5,479756
9,4,261098
8,5,655055
9,4,240705
9,5,74566
9,5,22428
9,4,182758
9,4,260508
9,4,116887
9,4,211077
9,4,285468
9,4,205142
9,4,292352
8,5,557415
8,5,615781
8,5,625479
9,4,374914
8,5,539660
9,4,277349
9,4,391310
9,4,215506
9,4,251380
8,5,747856
9,4,295194
9,5,173149
8,5,661660
9,4,294367
9,4,343009
9,4,428995
8,5,694024
9,5,110349
8,5,813104
9,4,385692
8,5,684466
9,4,302780
9,4,423993
8,5,751434
9,4,324064
9,4,467763
9,4,454511
9,5,252855
8,5,851348
9,4,426880
9,4,507887
8,5,678364
9,4,378401
8,5,816261
8,5,667577
9,4,423324
9,4,543589
8,5,978232
8,5,794198
8,5,968074
9,4,538392
9,4,585214
9,4,532676
8,5,842855
9,4,573797
9,4,554249
9,4,497949
9,5,448478
9,5,397238
8,5,958379
9,5,507969
9,4,720885
9,4,670880
9,4,576014
10,2,2816
8,5,1114189
8,5,1019679
10,2,1395
8,5,1057869
10,2,1029
10,2,4969
10,2,845
10,2,2004
10,2,1388
10,2,222
10,2,661
10,2,393
10,2,195
9,5,257699
10,2,1604
10,2,5781
10,2,407
10,2,8028
10,2,171
10,2,7422
10,2,224
10,2,5289
10,2,815
8,5,989205
10,2,1803
10,2,2011
10,2,716
10,2,8096
10,2,688
10,2,1690
10,2,114
10,2,517
10,2,130
10,2,988
10,2,2710
10,2,485
10,2,866
10,2,227
10,2,757
10,2,1173
10,2,1734
10,2,989
10,2,1268
10,2,1120
10,2,49
10,2,22
10,2,728
10,2,3761
10,2,5794
10,2,1556
9,4,643018
10,2,1656
10,2,1332
10,2,2382
10,2,839
10,2,1170
10,2,563
10,2,2527
10,2,1661
10,2,889
10,2,2436
10,2,4194
10,2,692
10,2,2110
10,2,402
10,2,3610
10,2,1590
9,4,596632
10,2,403
9,4,602640
10,2,3143
10,2,448
10,2,926
10,2,2296
10,2,1196
10,2,5955
10,2,3118
10,2,501
10,2,5099
10,2,1875
10,2,1954
10,2,2451
10,2,40
10,2,724
10,2,6916
10,2,589
10,2,1970
10,2,2043
10,2,1216
10,2,783
10,2,1518
10,2,839
10,2,602
10,2,1063
10,2,2213
10,2,454
10,2,3127
10,2,970
10,2,4286
10,2,760
10,2,3735
10,2,1415
10,2,1113
10,2,1116
10,2,3061
10,2,2872
10,2,4624
9,5,93816
10,3,3894
10,3,3561
10,3,12410
10,3,16017
10,3,14654
10,3,19118
9,5,567958
9,4,621526
9,4,786954
10,3,7489
10,3,27117
9,4,689672
10,3,11431
9,5,283046
9,5,108443
9,4,844995
10,3,29124
10,3,41385
8,5,1044677
8,5,1031254
9,4,709884
10,3,80853
10,3,4258
10,3,7091
10,3,4911
10,3,6527
10,3,23320
9,5,698068
10,3,26229
9,5,600313
10,3,123298
10,3,1569
10,3,97927
10,3,22207
10,3,110540
10,3,7093
10,3,11416
10,3,104136
8,5,1042140
9,5,259010
9,4,952574
10,3,136728
9,5,710293
8,5,1261364
10,3,98200
10,3,81532
10,3,9648
10,3,65492
10,3,9637
10,3,145081
10,3,46657
10,3,151858
8,5,1427190
10,3,176994
10,3,108220
8,5,1234401
10,3,35773
10,3,50609
10,3,156527
10,3,20163
10,3,5874
10,3,110313
10,3,47470
9,5,563618
10,3,88446
9,5,761391
10,3,161271
10,3,62897
10,3,65800
10,3,105839
9,4,918121
10,3,82355
10,3,32646
10,3,75222
10,3,14877
10,3,209570
8,5,1288109
10,3,224520
9,4,901616
10,3,21775
10,3,13561
10,3,5651
10,3,6375
10,3,20402
10,3,71332
10,3,123164
10,3,124970
10,3,27431
10,3,45960
10,3,80095
10,3,105109
10,3,95042
10,3,137170
10,3,6728
10,3,17529
9,5,670690
10,3,44075
10,3,81669
9,5,452115
10,3,69525
10,3,179956
10,3,77490
10,3,111030
10,3,98468
10,3,207465
10,3,114288
10,3,214761
10,3,82068
10,3,346801
10,3,159467
9,4,1167976
10,3,126010
10,3,114479
10,3,129145
9,5,541584
10,3,87690
10,3,141823
10,4,42345
10,3,133139
10,3,234776
10,3,110846
9,5,951478
10,3,118308
9,5,575871
10,3,122287
10,4,37842
8,5,1603994
10,3,214930
10,3,440970
8,5,1746863
10,3,235370
9,5,1057995
8,5,1560895
9,5,841966
10,3,333395
10,4,109762
10,4,176393
10,4,6470
9,5,874184
8,5,1666622
10,3,376349
9,5,1138382
9,4,1409283
10,4,208568
10,4,80741
10,3,340013
10,4,262146
9,5,922030
9,5,1147026
9,5,1264423
9,4,1277817
10,4,31750
9,5,1278968
10,4,59174
9,5,940251
9,5,1262678
10,4,165766
10,4,291762
9,5,1090235
10,4,416455
10,4,425111
9,5,1336535
10,4,442630
10,4,204093
10,4,106519
9,5,1462456
10,4,515825
9,5,1361149
10,4,285649
10,4,482062
10,4,556311
9,5,1316880
10,4,90932
10,4,541767
10,4,323337
10,4,118532
9,5,1505986
9,5,1408618
8,5,2089529
9,5,1550998
9,4,1752186
9,5,1306893
10,4,200623
10,4,684623
9,5,1471555
10,4,579498
8,5,2303724
10,4,234035
9,5,1718035
9,5,1542079
9,5,1346831
9,5,1594072
9,5,1664943
9,5,1930507
9,5,1682231
10,4,992197
9,5,1968662
10,4,897424
10,4,804029
10,4,411129
10,4,285010
9,4,2322945
10,4,850696
10,4,691871
9,5,2109534
10,4,742428
9,5,1695689
9,5,1893251
9,5,1908349
10,4,985350
9,5,2130203
9,5,1866189
9,5,2254219
10,4,1228226
10,4,631107
10,4,897593
10,4,811476
9,5,2339180
10,4,1310348
10,4,902534
10,4,1370410
9,5,2449578
9,5,2235510
10,4,826673
9,5,2282631
10,4,1567660
10,4,1527538
10,4,1449765
9,5,2491867
10,4,1490181
9,5,2570444
10,4,871470
9,5,2574725
9,4,2890767
10,4,1754505
9,5,2873564
9,5,2609961
10,4,1608195
10,4,1083257
10,4,1340367
10,4,1326748
10,4,1770842
10,4,1864419
10,5,187387
9,5,3070015
10,4,1430189
10,4,1410463
10,4,1843901
9,5,2839578
9,5,2916799
10,4,1523209
9,5,2703066
10,4,1624118
10,4,1565259
10,5,755781
9,5,3193643
10,4,1991590
10,5,287439
10,4,2047417
9,5,2830950
10,4,2255160
10,4,1969137
10,4,2235746
10,4,1599193
10,4,2319287
9,5,3086169
10,4,1629550
10,4,2494351
10,5,632997
10,4,2492367
10,4,2131259
9,5,3770975
9,5,3318860
10,5,1384227
10,4,2518827
9,5,3868837
10,4,2298990
9,5,3907995
9,5,3951061
10,4,2299909
10,5,611490
10,4,2259328
9,5,3823265
10,4,2372098
10,4,2857446
10,4,2448469
10,4,2961701
10,4,3079401
10,4,3027986
10,4,3273722
10,4,3168962
11,2,462
11,2,9686
11,2,5462
11,2,6872
10,5,937337
11,2,703
11,2,335
11,2,344
9,5,4354544
11,2,16838
11,2,4347
11,2,282
11,2,341
11,2,1189
11,2,1062
11,2,3969
11,2,3283
11,2,1784
11,2,1433
11,2,1082
11,2,4571
11,2,1301
11,2,1424
11,2,1026
11,2,8966
11,2,2520
11,2,323
11,2,6015
11,2,13407
11,2,117
11,2,1244
11,2,1759
11,2,3801
11,2,341
11,2,181
11,2,747
11,2,648
11,2,3053
11,2,212
11,2,752
11,2,4791
11,2,1563
11,2,1252
11,2,258
11,2,4730
11,2,626
11,2,1522
11,2,5410
11,2,1616
11,2,6183
11,2,6754
11,2,2330
11,2,4727
11,2,3031
11,2,1941
11,2,42
11,2,1801
11,2,6915
11,2,2261
11,2,979
11,2,5976
11,2,16175
11,2,2355
11,2,2508
11,2,6808
11,2,7316
11,2,555
10,4,2878797
11,2,3166
11,2,5542
11,2,725
11,2,247
11,2,388
11,2,6064
11,2,1390
11,2,2763
11,2,1301
11,2,524
11,2,4219
11,2,363
11,2,5395
11,2,10116
11,2,293
11,2,547
9,5,4653634
11,2,1478
11,2,4928
11,2,2036
11,2,3460
11,2,508
11,2,4778
11,2,5917
11,2,119
11,2,2051
11,2,15173
11,2,968
11,2,1362
11,2,681
11,2,140
11,2,7529
11,2,2626
11,2,1778
11,2,4356
11,2,1386
11,3,8463
9,5,4452772
10,4,3175118
10,5,2352306
11,3,57802
11,3,5528
11,3,64223
11,3,62979
8,5,5565834
11,3,26625
11,3,77283
11,3,34603
11,3,64288
9,5,4838189
9,5,4613011
11,3,84033
11,3,183869
11,3,235541
10,5,2905224
11,3,142384
11,3,11193
11,3,205841
11,3,182129
11,3,102172
11,3,11670
10,5,1150229
9,5,4840110
11,3,204943
11,3,2779
11,3,38500
11,3,83359
11,3,348170
10,4,3869505
11,3,521722
9,5,5477495
11,3,327646
11,3,431820
11,3,648393
11,3,296186
11,3,200385
11,3,73373
11,3,764324
9,5,5351464
11,3,682692
10,4,4368465
11,3,391302
9,5,5671226
11,3,234462
9,5,5574110
11,3,211569
10,4,4016114
10,5,2920089
11,3,30512
11,3,63411
11,3,297493
11,3,286132
11,3,43565
11,3,212276
9,5,5978611
11,3,506475
11,3,440809
11,3,550532
11,3,664799
11,3,454824
9,5,5485240
11,3,47771
10,5,1979663
11,3,177445
11,3,215660
10,4,4723249
11,3,60727
11,3,66461
11,3,137548
11,3,26585
9,5,5546404
11,3,155177
11,3,48801
11,3,6794
11,3,59325
10,4,4089195
11,3,112077
11,3,76868
11,3,326496
11,3,358864
11,3,308864
11,3,92975
11,3,9179
11,3,210890
11,3,72417
11,3,402029
11,3,543671
11,3,212139
11,3,6951
11,3,198874
10,5,2607750
11,3,86518
11,3,49020
11,3,1081910
11,3,199768
11,3,244212
11,3,1282825
11,3,541952
11,3,162206
11,3,186483
11,3,1211667
11,3,202461
11,3,737254
11,3,876589
11,3,421449
11,3,287312
11,3,311087
11,3,744552
11,3,339415
10,5,3354468
11,3,530971
10,5,4129017
11,3,492582
10,5,4014398
11,3,698273
11,4,328447
11,3,411009
11,3,605526
10,4,5261553
11,4,346644
11,3,663041
11,3,742423
11,3,873818
9,5,6783335
11,3,719247
11,4,384635
11,3,745831
11,4,659824
10,5,3103991
10,4,5565859
11,3,1057278
10,4,5353809
10,5,4173486
11,4,320821
11,4,1483476
9,5,7759059
10,5,3760420
10,4,6072360
11,4,1644659
11,4,1592122
11,4,1478585
10,5,5834871
10,5,6139386
10,5,4470976
10,5,5987129
11,4,1988880
11,4,600788
11,4,1783536
10,5,5503701
10,5,6465891
10,5,6004455
10,5,5828904
10,5,5402760
10,5,5561205
11,4,2533341
10,5,5741525
9,5,9108565
10,5,5774893
11,4,1546357
10,5,5558329
11,4,293106
10,5,5303273
11,4,216422
10,5,6316707
11,4,507987
11,4,2984874
11,4,2711084
10,5,6925697
10,5,7419966
10,5,5746271
11,4,622396
11,4,268162
11,4,3434147
11,4,2105987
11,4,1430434
10,5,8181374
11,4,1376430
10,4,9408030
11,4,366424
10,5,7046823
10,5,7046830
10,5,7751269
11,4,2470165
11,4,2266805
11,4,992777
11,4,1720674
11,4,4194815
11,4,1875643
11,4,747441
10,5,9066101
10,5,8407897
11,4,767592
11,4,3340066
10,5,9053866
11,4,1250369
10,5,7762430
11,4,3213148
11,4,5067137
11,4,3243288
11,4,3062831
10,5,8923388
10,5,10258965
11,4,2845342
11,4,5829061
11,4,5389715
10,4,10908772
10,5,9237081
9,5,13129032
11,4,5494817
11,4,2838447
11,4,5827511
9,5,13509716
11,4,5930056
11,4,4130318
11,4,6273761
11,4,6040154
11,4,6312174
11,4,3906363
11,4,6324182
11,4,5743784
11,4,1980557
10,5,10580752
10,5,9645804
11,4,2766282
10,5,11315501
10,5,10280110
10,5,12132154
11,4,4860122
9,5,14864808
11,4,6925626
11,5,1770649
10,5,10644031
11,4,7430767
10,5,12342170
11,4,6327729
10,5,10584586
10,5,12238387
11,4,4026810
11,4,6149822
11,4,7528607
11,4,8334337
10,5,11218391
10,5,12147133
11,4,8068361
11,5,2141802
11,4,4982193
11,4,4598730
11,4,5048939
11,4,6953335
11,4,9544586
11,4,6765271
10,5,14362272
11,5,1951796
10,5,15321540
10,5,14509357
11,4,7387250
11,4,7630744
11,4,7863120
11,4,5838410
11,4,9413716
11,4,11100674
11,4,6924818
10,5,15813334
11,4,7493644
11,4,11897709
11,5,4368280
10,5,17498315
10,5,16536073
11,4,13277655
11,4,11998911
11,4,13510116
10,5,18713533
10,5,16962109
11,4,12121499
11,4,12133995
10,5,19357430
10,5,18740795
11,4,12708862
10,5,17616090
11,5,4562315
11,4,11150731
11,4,10363015
10,5,18876481
11,4,15031385
11,5,831353
10,5,21296270
10,5,19891943
11,5,4568495
11,4,16588956
11,5,11823376
11,4,12350956
11,5,8970779
12,2,6134
12,2,2515
12,2,3428
12,2,12588
12,2,11104
12,2,1848
12,2,14896
12,2,12099
12,2,2270
12,2,2002
12,2,906
12,2,3371
12,2,5472
12,2,1516
12,2,3330
12,2,1091
12,2,7534
12,2,3520
12,2,2466
12,2,2486
12,2,5728
12,2,3204
12,2,103
12,2,12
12,2,11440
12,2,4303
12,2,9886
12,2,12601
12,2,4449
12,2,4446
12,2,3829
12,2,9573
12,2,4322
12,2,15290
12,2,7045
12,2,3206
12,2,1215
12,2,6820
12,2,4296
12,2,3074
12,2,17414
12,2,7884
12,2,3934
12,2,14086
12,2,2283
12,2,2526
12,2,7927
12,2,317
12,2,12705
12,2,2161
12,2,10464
12,2,10945
12,2,4927
12,2,147
10,5,23252388
12,2,7580
12,2,6100
12,2,8981
12,2,8901
12,2,5344
12,2,6381
12,2,18295
12,2,329
12,2,1150
12,2,9508
12,2,2790
12,2,102
12,2,11248
12,2,4680
12,2,877
12,2,7450
12,2,8181
12,2,10110
12,2,9120
12,2,13645
12,2,1002
12,2,3728
12,2,6606
12,2,996
11,4,14884959
12,2,4152
12,2,525
12,2,3425
12,2,903
12,2,20479
12,2,9075
12,2,2777
12,2,1296
12,2,315
12,2,3162
12,2,1565
12,2,4530
12,2,541
12,2,8950
12,2,931
12,2,8028
12,2,5098
12,2,2708
12,2,14064
12,2,4996
10,5,22389795
12,2,19181
12,2,5455
12,3,174995
12,3,350853
12,3,700754
12,3,787478
10,5,24076662
11,5,13265754
12,3,28330
11,4,14853384
12,3,194371
10,5,23917874
12,3,753821
10,5,24992947
12,3,298147
12,3,379540
12,3,725875
12,3,425962
11,4,16438399
10,5,24757376
12,3,371556
12,3,761012
10,5,24113866
12,3,184619
12,3,79289
12,3,75529
12,3,774642
12,3,57149
12,3,695664
12,3,1800035
11,5,6156936
12,3,429945
11,4,17082059
12,3,276904
12,3,591757
12,3,323988
10,5,26102843
12,3,1056350
12,3,1140673
12,3,69691
12,3,763327
11,4,16651078
12,3,386076
12,3,942792
10,5,25889669
12,3,735269
12,3,1254573
12,3,140103
10,5,26655736
12,3,238008
12,3,141078
12,3,2185021
12,3,31162
12,3,428091
12,3,302701
12,3,902932
12,3,50962
12,3,720524
10,5,27344714
12,3,440288
12,3,1332591
12,3,72962
12,3,70247
12,3,158163
12,3,1102132
12,3,1128888
12,3,527064
12,3,1646695
11,4,20856377
12,3,624576
12,3,1138242
12,3,15582
12,3,234638
12,3,1251289
11,5,8424863
12,3,36812
12,3,2549578
12,3,485737
12,3,656257
12,3,1128565
12,3,557120
12,3,1105412
12,3,95181
12,3,1277606
12,3,289951
12,3,1489358
12,3,538985
12,3,526431
12,3,1751065
12,3,989646
10,5,26966832
12,3,610211
11,5,14362946
12,3,390032
12,3,492777
12,3,479599
12,3,912609
10,5,28051629
12,3,245002
12,3,473784
10,5,28452689
12,3,607906
12,3,1011581
12,3,296143
12,3,449704
12,3,176388
12,3,504035
11,5,9230272
12,3,981815
12,3,1017944
12,3,1236818
12,3,691027
12,3,987640
12,4,159665
10,5,28865044
12,3,1350406
12,3,1041685
12,4,856718
12,3,1309141
12,3,1651017
12,3,1664310
12,3,1968894
12,3,1967187
11,5,18973336
12,3,2068595
11,5,18708277
12,3,1616374
12,4,331060
12,3,1917794
11,4,25071018
11,4,23989243
10,5,30654901
12,3,2680006
11,4,23573684
11,5,19448667
12,4,2867906
11,5,10487449
12,4,3515359
11,5,15147033
12,4,3463251
10,5,33368210
11,5,22173084
11,5,13918431
11,5,18986016
12,4,4341236
12,4,1934263
10,5,36139385
12,4,3926688
12,4,1387865
11,5,21656314
11,5,24432239
12,4,945531
11,5,24588120
11,5,25007854
12,4,9206733
12,4,2901305
11,5,28319818
12,4,5424092
11,5,21267672
11,5,20389700
11,5,30023377
12,4,11170514
12,4,11543392
12,4,12012352
11,5,30011845
12,4,4664628
11,5,28128764
11,5,19935526
10,5,43309072
11,5,26443454
12,4,12494998
12,4,11587263
11,5,22097470
12,4,15845665
12,4,15844990
11,5,35043930
11,5,32832351
10,5,49360308
10,5,49100763
12,4,12771285
10,5,49389489
12,4,10011252
12,4,12325561
12,4,11060422
11,5,30736071
12,4,18431578
12,4,740371
12,4,13293324
12,4,18393496
12,4,17038085
12,4,13771797
11,5,37452817
11,5,30869948
12,4,9302315
12,4,19986282
11,5,29735736
11,5,37541070
11,5,29962180
12,4,1654077
12,4,18139915
10,5,54126344
11,5,41671711
11,5,37365574
11,5,33592438
12,4,3004227
12,4,10911115
12,4,2681222
12,4,11988291
12,4,21011271
11,5,42343104
11,5,41651136
12,4,18338673
12,4,26499884
12,5,2406099
12,4,5689583
11,5,43078480
12,4,13509238
12,4,13999852
12,4,25722465
11,5,48095651
12,4,26063964
11,5,49857134
11,5,48979124
12,4,19175701
10,5,64549016
12,4,30560051
12,4,14082998
11,5,49821653
12,4,16360318
12,4,13944248
12,4,35387587
11,5,54196282
10,5,71016500
11,5,59173605
11,5,58705870
12,4,20467871
12,4,20917905
12,4,34220460
12,4,21529245
12,4,29565356
12,4,29950118
12,4,21505839
12,4,33245678
12,4,25033253
12,4,22353923
12,4,23276398
11,5,53950352
12,4,42448540
12,4,24541651
10,5,81875100
11,5,58958281
12,5,23387307
12,4,37289915
11,5,66335037
12,5,20809865
12,4,46565353
12,4,48907969
12,4,48199483
12,4,38897208
11,5,71490684
11,5,70542523
12,4,51918949
12,4,53047332
12,4,38915537
10,5,88877333
12,5,25673243
12,4,56713378
12,4,43817078
12,4,59135348
12,5,35021384
12,5,6005000
12,4,57748923
11,5,76232706
11,5,74391401
11,5,78545818
11,5,81766571
11,5,83140904
12,4,45992081
11,5,84391945
12,4,41056565
11,5,83303552
12,5,1207071
11,5,85340032
12,4,51440032
11,5,83688330
11,5,76415850
12,4,65099799
11,5,82208513
12,5,18644253
12,5,9864822
12,4,70096018
12,4,53115567
12,5,39564330
11,5,94002367
12,4,53518701
12,4,72644549
12,4,60835703
12,4,64878266
12,4,71196073
13,2,35708
13,2,11166
13,2,19920
13,2,10400
13,2,9365
13,2,149
13,2,8721
13,2,9320
13,2,12543
13,2,7247
13,2,13019
13,2,24462
13,2,9969
13,2,4090
13,2,2724
13,2,29875
13,2,28224
13,2,2724
13,2,12799
13,2,17140
13,2,9358
13,2,16112
13,2,4057
13,2,1691
13,2,6825
13,2,16524
13,2,15345
13,2,21289
13,2,1526
13,2,7146
13,2,5604
13,2,1073
11,5,97999458
13,2,36278
13,2,386
13,2,6260
13,2,6860
13,2,1666
13,2,21281
13,2,21161
13,2,25246
13,2,12919
13,2,2902
13,2,18095
13,2,15164
13,2,1765
13,2,580
13,2,3306
13,2,981
13,2,3383
13,2,10953
13,2,24019
13,2,33229
13,2,1103
13,2,5328
13,2,1156
13,2,11402
13,2,6145
13,2,3991
13,2,5056
13,2,20709
13,2,63182
13,2,4519
13,2,1576
13,2,1082
13,2,12321
13,2,1023
13,2,3438
13,2,1948
13,2,811
13,2,2688
13,2,7182
13,2,17834
13,2,12761
13,2,18443
13,2,4772
13,2,12266
13,2,23100
13,2,4896
13,2,20832
13,2,18672
13,2,13244
13,2,22685
13,2,1821
13,2,1954
13,2,6214
13,2,14617
13,2,15736
13,2,5429
13,2,4519
13,2,29361
13,2,24775
13,2,13298
13,2,7472
13,2,2415
13,2,2969
13,2,9750
13,2,187
13,2,21700
13,2,4330
13,2,47664
13,3,271030
11,5,93900047
13,3,1545557
11,5,89573455
13,3,375201
13,3,312034
13,3,2938485
13,3,2294405
13,3,317331
13,3,951810
13,3,904394
13,3,594513
13,3,78187
11,5,103276377
12,5,39032193
11,5,96102798
13,3,577743
13,3,3160046
13,3,4713495
13,3,2573717
13,3,1684818
11,5,98059318
13,3,4223945
12,4,64956328
12,4,84358474
13,3,586738
13,3,3525514
12,4,67279454
13,3,2005679
12,4,69450736
13,3,1583178
13,3,1246100
13,3,341663
13,3,4514216
11,5,106985048
13,3,5434064
13,3,363160
13,3,657798
13,3,256453
13,3,1793726
13,3,930687
13,3,64902
13,3,1563243
13,3,2078795
13,3,472302
13,3,2783495
13,3,8620
13,3,1677759
13,3,7709135
13,3,2632849
13,3,1254675
13,3,733029
13,3,1623948
13,3,368985
13,3,184455
13,3,1523007
13,3,338868
13,3,847529
13,3,6070730
13,3,3348848
13,3,60309
13,3,6053825
13,3,2317284
13,3,3739265
13,3,1256931
11,5,116093922
13,3,1910483
13,3,2721167
13,3,2846829
13,3,647172
13,3,3768363
11,5,117527924
13,3,221205
12,4,96327216
13,3,7580403
13,3,67381
13,3,3893436
13,3,2302948
13,3,109071
13,3,5538396
13,3,5870301
12,5,35516648
13,3,2198787
13,3,1444411
12,4,76575868
13,3,617527
13,3,2015613
11,5,114039384
13,3,683154
13,3,1953722
13,3,1192692
13,3,647908
12,4,86940730
13,3,3736357
13,3,1664213
13,3,12171
13,3,2263339
13,3,296252
13,3,87881
13,3,384036
13,3,5839558
13,3,7123575
13,3,695988
12,5,54452868
13,3,1835505
13,3,1273813
13,3,1117897
13,3,1476383
12,5,49200820
13,3,1579922
11,5,113690019
13,3,3343811
13,3,2520859
12,5,27547928
13,3,3714380
13,3,4169342
13,3,4212928
13,3,4820525
11,5,122175097
11,5,122791797
12,5,33491142
13,3,13205208
13,3,7021692
13,3,19498124
12,4,94829863
12,4,104951716
13,3,10596151
12,5,78153901
13,4,10782413
11,5,134894538
12,5,65830509
11,5,140909024
12,4,95864626
13,4,13949645
12,5,97501380
13,4,19569917
13,4,22637971
12,5,51700781
11,5,143105590
12,5,105486868
12,5,71336839
12,5,94169482
13,4,37045267
11,5,153102807
13,4,34457687
13,4,29114493
13,4,19474146
13,4,39749079
11,5,173055288
13,4,45761827
13,4,44935823
13,4,9485460
11,5,175333794
13,4,23419487
11,5,171165793
12,5,129919303
13,4,48016
13,4,56155964
13,4,52470301
12,5,141393323
13,4,60646662
11,5,195332809
12,5,105438137
13,4,51096205
12,5,94719680
11,5,199655416
13,4,38387366
13,4,67885165
13,4,77743170
11,5,200180079
13,4,20606105
13,4,80443515
12,5,108344167
11,5,213197299
13,4,62896943
13,4,84847990
13,4,28550625
12,5,172682202
13,4,46576837
13,4,60230657
13,4,94499742
12,5,182563403
13,4,85118074
13,4,13115591
11,5,230438196
12,5,191945100
12,5,151550651
13,4,41372550
13,4,53479851
12,5,185589622
11,5,254010500
13,4,5792603
12,5,175951126
13,4,4204085
11,5,250719398
13,4,44570662
13,4,81186782
13,4,38898159
13,4,119929385
13,4,131456744
13,4,8618789
13,4,64791921
12,5,191929963
13,4,30716823
13,4,121640522
13,4,24903312
13,4,23118299
12,5,265099370
13,4,75002030
13,4,122226835
13,4,115981069
13,4,76125071
13,4,44520538
13,4,54540615
12,5,237910582
12,5,189173704
13,4,117138284
13,4,65798771
13,4,28013599
12,5,211854544
13,4,162391873
12,5,246224284
13,4,45065836
13,4,112488323
13,4,169658447
13,4,156775606
13,4,113802147
13,4,60162891
12,5,218289425
13,4,118930431
12,5,225051718
13,4,105666741
13,4,182675223
13,4,186066079
13,4,107374898
13,4,116176747
13,4,67580401
13,4,154307818
13,4,74890874
13,4,78742088
13,4,201013606
12,5,302450261
13,4,203045926
13,4,198244133
12,5,298653520
13,4,107332985
13,4,146581625
13,4,213809918
13,4,225975828
13,5,69200639
12,5,277379404
13,4,225832649
12,5,290604859
12,5,293831133
13,4,117827986
13,5,122439590
13,4,221056869
12,5,344957297
13,4,179447564
12,5,335761296
13,4,274758994
13,4,235217299
13,4,225779468
13,4,238725369
13,4,160711038
12,5,343329497
12,5,362500328
12,5,387725407
12,5,352629810
12,5,376272420
13,4,274054666
12,5,376675052
12,5,389932981
12,5,403782716
13,4,266616847
13,4,266986248
13,5,187636888
13,4,244880015
12,5,421227269
12,5,403582338
13,5,33713366
13,5,10452796
12,5,361241529
12,5,403692796
12,5,449300544
12,5,388141902
13,5,39976490
13,4,195935693
12,5,426417949
13,5,91464817
13,5,193588906
13,4,225576315
12,5,425886269
12,5,469240094
12,5,456763781
12,5,457587839
13,5,207163272
12,5,474812560
13,4,247789121
14,2,69718
14,2,21879
14,2,43022
14,2,26976
14,2,18862
14,2,88264
14,2,91877
14,2,45910
14,2,1460
14,2,16127
14,2,1320
14,2,6834
14,2,35372
14,2,21552
14,2,25769
14,2,9833
14,2,7934
14,2,32302
14,2,20229
14,2,95156
14,2,48787
14,2,58578
14,2,264
14,2,10701
14,2,61906
14,2,6293
14,2,43820
14,2,25191
14,2,42981
14,2,2308
14,2,64734
14,2,37568
14,2,8913
14,2,30808
14,2,1926
14,2,13175
14,2,20707
14,2,20869
14,2,7206
14,2,24660
14,2,4019
14,2,35077
14,2,23553
14,2,8504
14,2,3455
14,2,29124
14,2,9168
14,2,59285
14,2,3004
13,5,278923685
14,2,427
14,2,21426
14,2,22315
14,2,977
14,2,10746
14,2,39079
14,2,46878
14,2,102169
14,2,21548
14,2,39803
14,2,8472
14,2,15547
14,2,6381
14,2,52086
14,2,5861
14,2,3775
14,2,20792
14,2,17456
14,2,74497
14,2,5259
14,2,3967
14,2,5611
14,2,156053
14,2,25586
14,2,6210
14,2,13584
14,2,18655
14,2,24020
14,2,21133
14,2,16124
14,2,17304
14,2,14783
14,2,4055
14,2,4002
14,2,11592
14,2,18642
14,2,26651
14,2,26347
14,2,581
14,2,599
14,2,15013
14,2,25424
14,2,13291
14,2,21263
14,2,29525
14,2,55143
14,2,41571
14,2,445
14,2,47721
14,2,37783
14,2,58316
14,3,1316147
13,5,140889183
14,3,7570841
14,3,576036
14,3,9214442
14,3,4466811
14,3,7579970
12,5,484853417
14,3,13910030
14,3,473967
14,3,11360044
14,3,1581792
14,3,10151167
14,3,7515742
13,5,202886814
14,3,5936755
14,3,910640
14,3,5371372
14,3,459336
14,3,12090139
14,3,6215747
14,3,10385
12,5,500906948
14,3,2941451
14,3,1728936
13,5,62836605
14,3,5775874
14,3,567875
14,3,28101297
14,3,10657056
14,3,129036
13,5,146335003
12,5,498827128
14,3,13823856
14,3,5413071
14,3,10757621
14,3,10386851
12,5,535831326
14,3,1366351
14,3,8875258
13,5,216869966
14,3,6902089
14,3,19688911
14,3,16472036
14,3,3171538
14,3,15507772
14,3,27250724
14,3,2070731
14,3,10358898
14,3,3519030
14,3,17742630
14,3,7469124
12,5,517131016
14,3,4047335
14,3,3630543
14,3,12042085
14,3,2518258
14,3,2012286
14,3,15365960
14,3,2064027
14,3,11752363
14,3,9719442
14,3,816190
14,3,10802072
14,3,14615803
14,3,4500198
14,3,5688277
12,5,532979661
14,3,9902672
14,3,14423924
14,3,709812
14,3,2301597
14,3,6097511
14,3,10667654
14,3,15474894
14,3,27245034
14,3,4963065
14,3,2162980
14,3,9210813
14,3,5452480
14,3,21050755
12,5,578468016
14,3,32218977
14,3,24076100
14,3,981027
13,5,184461829
14,3,18535979
14,3,5498754
14,3,580127
14,3,5343377
14,3,9487845
14,3,3540013
14,3,21795676
14,3,2955875
14,3,5110209
14,3,14360064
14,3,88990
14,3,19369179
14,3,2816859
14,3,17697813
14,3,3879941
14,3,3237440
14,3,10292532
14,4,671680
14,3,8209770
14,3,4314375
14,3,7856159
14,4,3735153
14,3,8790979
14,3,15626167
14,3,12171409
14,3,17106348
14,3,20204490
13,4,427104976
14,4,11286429
14,3,26975338
12,5,591341593
14,4,22334881
13,5,359381646
12,5,596440755
12,5,631713357
12,5,620425475
14,3,57934522
12,5,643648017
12,5,616027782
12,5,638581371
13,5,354365602
14,4,57181523
12,5,641120156
13,4,540352405
13,5,426019800
14,4,64349327
12,5,676013977
14,4,505318
14,4,80976182
13,4,531353058
12,5,669535834
14,4,29344525
13,5,388240350
14,4,82126072
13,4,607464352
14,4,22649079
13,5,389948974
12,5,726690710
14,4,131863482
14,4,143278438
14,4,129549170
13,4,612817969
14,4,165104439
14,4,100832214
12,5,771189933
14,4,81066407
12,5,838324729
13,5,566509274
13,5,561382388
14,4,173230953
14,4,189878902
14,4,230151602
14,4,233908688
14,4,253813378
13,5,493230011
14,4,91820189
12,5,871728480
13,5,616445544
14,4,99431218
14,4,9110815
14,4,143121184
12,5,902067417
14,4,129801422
13,5,580859184
13,5,617634184
14,4,77678895
14,4,118278948
13,5,479198170
14,4,160449213
14,4,340980699
14,4,5313772
14,4,118707764
12,5,965452547
14,4,271807118
14,4,64796962
14,4,196781092
14,4,375782187
14,4,84807870
14,4,340752819
12,5,1032819485
13,5,716516389
13,5,741993200
14,4,140774822
14,4,129834760
12,5,1026788254
13,5,548735238
14,4,208422221
14,4,51369064
14,4,434700340
14,4,196118613
14,4,36018501
12,5,1133937866
13,5,791299061
14,4,475859747
12,5,1129008254
14,4,109643779
14,4,411556540
14,4,391505090
14,4,198543280
14,4,156008838
12,5,1163164761
14,4,136779645
14,4,426612129
14,4,445565495
14,4,264861653
14,4,146352045
14,4,463952225
14,4,150307874
14,4,247902867
14,4,217682234
13,5,943635916
14,4,541103208
14,4,557381005
13,5,887151409
13,5,796612765
14,4,489097483
14,4,313373500
13,5,900692999
14,4,543087822
13,5,977993199
14,4,268357084
13,5,966986818
14,4,275916497
14,4,285583913
14,4,254341662
13,5,1029699385
14,4,574338572
13,5,1049591044
14,4,396990131
14,4,340402633
13,5,974667373
14,4,466124320
14,4,332911942
14,4,387750076
13,5,950685317
13,5,915480264
13,5,992980397
14,4,348031300
14,4,434303539
13,5,1061860375
13,5,1168460458
14,4,524866258
14,4,409913170
14,4,866357396
13,5,1163228357
14,4,703876906
14,4,629304363
14,4,720812400
12,5,1621435825
14,4,661357478
14,4,754150666
13,5,1348870178
14,4,617890116
13,5,1240490371
12,5,1728323017
13,5,1498293837
14,4,1089398302
14,4,1060248139
14,4,657055867
14,4,906735488
13,5,1349307039
14,4,976887797
14,5,668538510
13,5,1521921050
13,5,1772905380
13,5,1637083806
12,5,2131067809
14,4,898180889
14,4,1306438191
13,5,1784304076
13,5,1850116649
14,5,908605006
14,5,898319863
14,4,1099300194
13,5,1755169383
13,5,1787343588
13,5,1856168720
13,5,1754598344
13,5,1840772368
13,5,1845262007
13,5,1976563693
13,5,2060261249
14,4,1704216150
14,5,641422220
14,4,1327073593
13,5,2202009432
13,5,2031742852
13,5,2181149661
14,5,439959585
13,5,2237706518
13,5,2377108096
14,5,1419807544
14,4,1610106771
15,2,39461
15,2,6164
15,2,112560
15,2,91477
15,2,16931
15,2,33355
15,2,24914
15,2,8999
15,2,35120
15,2,21330
15,2,33261
15,2,7390
15,2,23534
15,2,18044
15,2,6108
15,2,23973
15,2,33706
15,2,182059
15,2,47167
15,2,74244
15,2,46045
15,2,49391
15,2,25775
15,2,24194
15,2,2774
15,2,45926
15,2,165610
15,2,71768
15,2,1326
15,2,117912
15,2,97659
15,2,14096
15,2,90458
15,2,16831
15,2,26551
15,2,133737
15,2,61427
15,2,27793
15,2,130768
15,2,895
15,2,63875
15,2,30747
15,2,36954
15,2,138665
15,2,40781
15,2,30274
15,2,44036
15,2,9584
15,2,21878
15,2,101662
15,2,72008
15,2,74133
15,2,12901
15,2,34034
15,2,16959
15,2,126726
15,2,87430
15,2,224345
15,2,33649
15,2,8955
15,2,439
15,2,11614
15,2,31429
15,2,11517
15,2,8033
15,2,27404
15,2,28845
15,2,250116
15,2,5208
15,2,30272
15,2,6195
15,2,30311
15,2,10679
15,2,20235
15,2,4467
15,2,39792
15,2,85160
15,2,173025
15,2,51845
15,2,58798
15,2,105149
15,2,142813
15,2,28967
15,2,20068
15,2,85272
15,2,51160
15,2,1506
15,2,34268
15,2,23583
15,2,112565
15,2,126567
15,2,87792
15,2,38025
15,2,7871
15,2,122679
15,2,14046
15,2,128909
15,2,8929
15,2,44185
15,2,38187
15,3,7867550
15,3,4304868
13,5,2343315088
15,3,7506653
15,3,7814006
15,3,3966988
15,3,76143332
15,3,35774064
15,3,2736544
15,3,26640063
13,5,2322303692
15,3,37562254
15,3,34339796
15,3,47989649
13,5,2462188375
15,3,45504290
15,3,42220473
14,4,2066404112
15,3,34102731
15,3,32136877
15,3,52485248
15,3,15405210
15,3,27775146
15,3,11976026
13,5,2668403715
13,5,2683567382
15,3,14370603
15,3,366150
15,3,36100865
15,3,207819
15,3,2440947
15,3,30211937
15,3,21372744
14,5,1714065270
15,3,10409721
15,3,5978617
15,3,6545899
15,3,6652008
15,3,102228827
15,3,22362466
15,3,19859833
15,3,783020
15,3,1430213
15,3,32660715
15,3,10084606
15,3,28350680
15,3,26087721
15,3,15370019
15,3,32426604
15,3,44556727
15,3,2093623
15,3,9651081
15,3,35813123
15,3,9035507
15,3,18194864
15,3,19269274
15,3,23223218
15,3,15864796
15,3,13763745
15,3,9203686
15,3,18208989
15,3,52007935
15,3,22527726
13,5,2568894191
15,3,8668525
15,3,28730485
15,3,2710717
13,5,2673071729
15,3,18113282
15,3,4529377
15,3,23754507
15,3,10436854
15,3,490762
15,3,12414305
15,3,26706929
15,3,15696497
15,3,615905
15,3,29966371
15,3,4975887
15,3,57763937
15,3,29966502
14,5,972899315
15,3,45911035
15,3,12325627
15,3,2156744
15,3,13543468
15,3,16862529
15,3,24475834
15,3,52005404
15,3,18134996
15,3,70436625
15,3,12234987
15,3,5387877
15,3,22444313
15,3,4724620
15,3,23943756
15,3,10094725
15,3,36143327
15,3,66146100
15,3,71632718
15,3,22805113
15,3,15678359
15,3,15021570
15,3,14015293
14,5,1834250718
15,3,55615186
15,3,102691539
15,3,51882056
15,3,58794407
15,3,135067958
14,4,2379333329
15,4,65094586
13,5,2863755552
15,3,118226784
14,5,1023302911
13,5,2967973248
13,5,3127918498
15,4,228070874
15,4,291216871
13,5,3052361501
13,5,3221535453
14,5,1290446292
15,4,114463009
13,5,3314308792
13,5,3452162361
15,4,528091663
15,4,521985235
15,4,541512828
15,4,650771121
14,5,1191127742
13,5,3665153718
13,5,3562546271
14,5,2283953222
15,4,109019878
14,5,2790881914
14,5,1836741668
15,4,824244902
14,5,2460616717
14,5,2759858307
15,4,64243500
15,4,22567860
14,5,2872983448
14,5,2754325394
15,4,498736800
13,5,3869009770
15,4,77878545
15,4,759109638
13,5,3971558177
15,4,848474615
15,4,343043272
13,5,4335917713
15,4,350620698
13,5,4408369913
15,4,43123514
14,5,2736352034
15,4,335765869
15,4,558435020
15,4,28683379
15,4,1003013750
15,4,1132207460
13,5,4480037220
15,4,1341070156
15,4,1407895452
13,5,4709540413
15,4,45406193
15,4,968179297
15,4,172155969
14,5,2475002339
14,5,3740316897
15,4,471048702
15,4,1806256124
14,5,3054039062
15,4,213292240
13,5,5020450790
13,5,5045194876
15,4,1296801403
14,5,3524317319
14,5,4056907573
15,4,402040785
15,4,61747661
15,4,1332219973
15,4,2172201741
15,4,1966898176
15,4,652632303
15,4,2343873309
15,4,1254388607
15,4,538097388
15,4,287732257
15,4,2465382975
14,5,4342331820
15,4,238479683
15,4,1536442971
15,4,6599484
15,4,1020626738
15,4,233603576
15,4,1603056650
15,4,148369618
15,4,2541851726
15,4,616686026
15,4,1113279241
15,4,571458728
15,4,2563294823
15,4,458800107
15,4,375843724
15,4,1232228808
15,4,1760436991
15,4,201137667
15,4,369779930
15,4,1258333285
15,4,1021869560
13,5,5989069575
15,4,768414476
14,5,3742324599
15,4,2344949095
13,5,6283863988
15,4,1323665931
13,5,6228034266
14,5,4852149569
14,5,4808902661
14,5,5160466109
15,4,628123021
15,4,745317193
15,4,2356132774
15,4,1416280166
15,4,762674824
15,4,2300592292
14,5,5124418034
14,5,4546204894
14,5,5399800272
15,4,2574324039
14,5,5862857788
15,4,2463378644
15,5,236791264
15,4,2592420872
15,4,1435958607
15,4,1577329117
15,4,3932872488
15,4,1676119602
14,5,4926063371
14,5,5721290356
15,4,2489719738
15,4,1959683284
15,5,1136260989
14,5,6213549486
14,5,5500537749
15,4,4014281364
13,5,7885949714
15,4,4288847484
13,5,8350283967
15,4,2361886284
14,5,7171035392
14,5,7040117719
15,4,3619097445
15,4,3131847260
15,4,3047546855
15,4,4653614827
15,4,5206780342
14,5,7531137697
14,5,7239026404
15,4,3126556596
14,5,6817449054
15,4,4111561204
15,4,5145705221
14,5,7997811015
15,4,3796426916
14,5,6862913409
13,5,9698909583
15,4,5081163478
14,5,7538287010
14,5,8552567612
14,5,8198614406
14,5,8415470092
15,5,288404277
14,5,8912706562
14,5,8711087526
15,5,385040370
15,4,5846068170
14,5,8799839066
15,5,1860314364
14,5,9459290640
14,5,9593201820
15,4,5071107309
14,5,8646101479
15,5,851006512
14,5,10076415429
15,5,3078455695
15,5,4138069460
14,5,10432208812
15,5,5590747158
13,5,12470575099
15,4,6267489575
15,4,8410386670
14,5,11413626558
15,5,6816426607
14,5,12711836492
14,5,12215206589
15,5,7347251312
15,5,7492768179
14,5,12364659102
14,5,12258988219
15,5,4676044571
14,5,12666040718
15,5,2819829193
14,5,13468561071
15,4,11008698105
14,5,13888615747
15,5,6467690786
15,5,1662062816
15,5,5904239030
14,5,13572939837
14,5,14946814031
15,5,3744196204
15,5,8674775773
15,5,9637211572
14,5,13916916283
15,5,7999068675
14,5,14856107603
15,5,6582945076
15,5,9907186854
14,5,15201351265
14,5,15359846936
15,5,10531597041
15,5,10686010717
14,5,16506701467
15,5,9869736210
14,5,17257425185
14,5,16921038088
14,5,16819826542
14,5,16002685555
15,5,10546626601
15,5,10193592731
14,5,16805526596
15,5,9558908620
14,5,18481082851
14,5,18452137054
15,5,12668992857
14,5,20007780267
14,5,19141807150
14,5,21508268708
15,5,11818971592
14,5,20472435807
15,5,15508795269
15,5,14823196938
14,5,19873820977
14,5,24525695910
15,5,12833794290
14,5,23188356864
15,5,16231188332
14,5,22617968195
14,5,22811304967
15,5,17744097246
15,5,19537223269
15,5,13279402305
15,5,19171597170
14,5,27291859528
14,5,25423165759
14,5,22221434927
15,5,20040628952
15,5,20315870526
14,5,25974682052
14,5,27989243919
14,5,26051417481
15,5,11965367358
15,5,23518816507
14,5,28740930320
15,5,22353740306
14,5,29863738441
15,5,24437402517
15,5,18901529114
15,5,19981865744
15,5,23928029444
15,5,22384407940
15,5,25780048535
14,5,34058914580
14,5,38149420429
15,5,24525897526
15,5,20959325740
15,5,33185492844
15,5,23329839822
15,5,32537535475
15,5,28905222442
15,5,29041676785
15,5,30722543187
15,5,32863507083
15,5,32684715567
15,5,30470361597
15,5,35816931351
15,5,35526194115
14,5,46123482724
15,5,37321384873
15,5,40817238846
15,5,44069872200
15,5,43107039884
15,5,47232767986
15,5,48619394647
15,5,46583183473
15,5,49540642399
15,5,56707651495
15,5,49459970377
15,5,61319251636
14,5,68779928628
15,5,54230337250
15,5,64567719676
15,5,65951307487
15,5,65001213399
15,5,63019492549
15,5,78293980886
15,5,87337893812
15,5,81470590036
15,5,88955038095
15,5,94414349615
15,5,99334472467
15,5,98886220528
15,5,98952287052
15,5,108782685758
15,5,117379062566
15,5,116645935229
15,5,125225091351
15,5,128943103659
15,5,132278141286
15,5,130677918204
15,5,152215327022
15,5,154588750300
15,5,161103643635
15,5,170878068176
15,5,191779268007
15,5,313339935500
